0 2144
1 321
1 499
1 694
1 1360
1 2045
1 2114
2 115
2 881
2 2311
3 1592
3 3336
4 846
4 2184
4 2973
5 1085
5 2420
5 2656
6 1654
7 691
7 872
7 1172
7 1243
7 1721
9 844
9 984
10 2390
11 2213
12 724
13 353
13 895
13 1107
15 1514
18 3034
19 2165
19 2618
20 1679
20 1812
21 2737
22 329
22 759
22 1848
22 3031
23 124
23 1003
23 2268
24 1239
24 2670
27 3149
30 1032
30 2539
30 2950
31 1004
31 1342
31 1641
31 2298
32 2880
33 466
33 3268
34 393
34 2607
35 518
37 2141
38 1666
39 831
39 2852
40 362
40 2958
40 3012
41 1615
42 1006
42 1999
42 2295
43 886
43 3255
45 428
45 2109
45 3108
46 1084
47 178
48 1177
49 1564
49 2398
50 1868
50 2656
50 3417
51 1283
52 1042
52 3002
53 1843
53 2384
54 593
55 1456
55 2472
56 2140
56 3065
57 1460
57 1919
58 806
58 2165
58 2186
59 3141
60 2259
62 2795
64 521
64 741
64 2547
65 86
65 1325
65 3000
66 759
66 1773
67 704
67 769
67 1541
67 2925
67 3122
67 3266
68 2044
68 2167
69 244
70 896
70 1470
70 2315
71 2209
72 263
72 1460
73 1013
74 465
74 496
75 733
77 218
77 436
77 1105
77 1866
79 1664
79 3187
80 3026
82 221
82 577
82 714
84 485
84 1768
84 2111
84 2738
85 1313
86 2186
86 3354
87 166
87 2364
87 2514
88 510
88 1266
90 139
91 2020
91 3458
91 3468
92 679
92 1196
92 2398
92 2748
92 3430
93 441
93 1157
94 1417
94 2582
96 441
96 1716
96 1833
97 768
97 1578
97 1854
97 2080
97 2114
97 2947
98 1964
98 2624
100 1047
100 2471
101 3060
101 3302
102 1508
105 724
106 1356
106 1756
106 3116
107 1974
108 3121
110 801
110 3434
111 1863
111 2801
111 2867
114 862
114 1188
115 892
115 1787
116 782
117 1178
117 1964
117 2488
117 2503
118 572
118 1593
118 2043
118 3059
120 1156
121 128
121 3177
121 3299
121 3458
123 494
123 3333
124 2185
126 2340
127 456
127 1591
128 2494
128 2495
128 2775
129 659
129 3279
130 1859
131 444
131 2306
132 1843
133 1352
134 146
134 1319
135 1049
136 735
136 2380
137 349
137 1799
138 1042
138 2495
138 2869
138 2884
139 375
139 887
140 170
140 2951
142 453
142 1703
142 3175
142 3392
143 911
143 2305
143 2944
143 3143
144 976
144 1946
145 1415
146 1548
148 1581
148 3302
149 396
149 546
149 1602
149 2509
149 2759
149 3250
150 1548
150 1703
150 3378
151 828
151 1404
151 2057
151 2962
152 2533
153 406
153 3328
154 3053
157 3073
157 3264
158 513
160 187
160 2401
160 2507
161 292
162 2492
162 2630
162 2927
164 1009
164 1465
165 786
165 2815
165 3411
166 817
166 3174
167 3124
168 1493
169 1320
169 3372
170 211
170 615
170 2205
173 2238
173 2372
174 1798
174 1903
174 2183
174 2379
175 1300
175 2467
176 1079
177 599
177 715
177 747
178 999
178 2030
179 691
179 869
179 870
179 1849
179 2270
180 883
180 2429
181 1318
181 2510
182 2891
183 233
185 2055
185 2228
186 1323
187 2407
187 2966
188 837
188 1089
188 3446
189 720
189 1799
190 2443
190 2598
191 2035
192 891
192 1514
194 2454
195 913
197 2228
197 2712
198 1604
198 2594
199 926
199 2100
201 1004
201 1239
201 2201
202 2485
203 1109
204 841
204 1088
206 1110
207 1523
207 2248
208 2155
208 3453
209 584
209 1649
210 738
211 773
211 2136
211 2371
211 3150
212 915
212 1060
212 1808
212 1988
212 3269
213 2238
214 623
214 1313
214 3414
215 318
215 1082
215 2023
217 303
218 241
218 2303
218 2498
220 2073
220 2816
220 3248
221 1247
221 2885
221 3011
223 1740
225 1351
226 353
226 2641
229 1298
230 2266
230 2879
231 1874
231 1930
231 3399
232 1558
232 2447
233 1287
233 3156
234 1309
236 624
238 1539
239 911
239 2754
240 2420
241 1145
242 787
243 991
244 1234
244 1973
244 3027
245 1195
245 2205
245 2492
245 3141
246 657
246 1113
246 3126
247 1339
247 2127
248 342
248 2942
249 454
251 2603
251 3304
252 1781
252 2899
252 3318
253 619
254 1354
254 1531
255 1508
257 2592
257 3304
258 1617
258 3244
259 2892
259 2979
259 3412
260 1888
260 2972
260 3333
261 419
261 1728
262 530
262 1678
262 2270
263 562
263 984
263 1288
263 1631
263 1683
263 2061
263 2212
263 2631
263 3034
265 738
265 982
265 1454
266 1613
266 2171
268 1859
271 828
273 1930
275 2168
276 1486
278 2836
279 1719
279 3223
280 549
280 1259
282 2739
283 1722
283 2757
283 3420
284 1117
287 3096
289 1301
290 419
290 3116
291 494
291 1180
291 1738
291 2154
291 2325
292 527
292 2411
294 686
294 1667
294 1702
294 1752
294 2764
296 1318
296 2744
300 1597
302 2650
302 2940
303 356
304 2408
304 2792
305 425
305 1071
305 1726
306 780
307 1098
307 1236
307 2789
308 469
308 662
308 1985
309 1942
309 2038
309 3319
310 1817
311 1520
313 1386
313 2854
315 1374
315 1911
316 2403
318 3316
321 3440
323 888
324 2255
325 1825
325 1914
325 2091
326 1062
326 3109
327 2583
328 2039
328 2805
329 1834
330 839
330 1586
332 2530
332 2665
332 3078
333 2730
334 2811
335 2177
336 415
336 3286
337 645
337 2711
338 1606
338 2297
339 2250
339 2513
340 1443
340 1853
341 1572
343 1380
344 569
344 1062
345 1227
345 3250
346 1026
346 1066
346 3147
347 1685
348 1404
348 2055
349 1470
351 407
351 2481
353 780
353 2520
354 1971
354 2741
355 748
355 2139
355 2522
355 3385
357 1532
358 1610
358 2748
359 551
359 1674
359 1970
360 1013
361 1443
361 2644
362 726
362 768
362 1430
362 2658
364 2406
365 2712
365 3058
366 509
366 1617
370 1318
370 1334
374 3330
374 3397
375 1875
375 2634
376 1918
377 1582
377 2302
377 2596
378 933
378 2390
380 556
380 2662
380 2761
380 3137
381 2398
383 1553
385 470
385 1493
385 3034
386 2495
387 3207
388 2095
389 986
389 1738
389 2178
390 1071
390 2625
391 1268
392 941
393 1793
393 1938
393 2799
394 1504
394 1537
394 2184
396 1935
397 1859
397 1896
398 1022
398 1089
399 1540
400 1124
400 1619
400 3448
401 1086
401 2651
401 3003
402 2078
402 2850
403 2733
404 1585
404 2280
405 3294
405 3339
406 2964
407 2855
408 2611
409 3044
410 491
410 561
410 856
411 2931
413 1651
414 2531
415 2173
415 2458
416 2064
417 1260
418 1425
418 1723
418 2947
418 3076
418 3090
420 1595
421 1063
421 2667
422 2342
423 559
423 1383
424 1572
424 1836
425 861
425 1775
426 2322
426 2609
426 3329
427 1584
428 1672
429 3294
431 2435
431 3324
432 708
432 2581
432 2846
433 3290
434 2139
435 783
435 1037
435 1576
436 856
436 1022
436 3143
437 1731
439 1904
439 3460
440 2193
442 635
442 2492
443 835
444 629
445 1135
445 2125
445 2386
446 743
446 836
447 3344
448 918
450 1582
450 3376
451 2604
453 2218
454 1136
455 767
456 3183
458 1769
459 928
459 1448
460 3200
462 1745
462 2210
463 1161
463 2475
463 3287
464 3348
465 2196
465 2414
465 3172
465 3389
466 789
466 1144
466 2189
467 3203
468 1799
468 1962
468 2941
470 971
472 565
472 709
472 810
474 542
474 854
474 2851
475 2586
477 654
477 3236
479 848
480 1822
481 3360
482 1385
483 2047
484 642
485 1207
485 3434
486 3145
487 2002
487 2540
487 3196
489 1476
489 1788
489 2256
490 1569
490 1906
491 2250
492 2911
493 2723
494 1087
494 2866
494 3267
495 617
495 2630
497 2448
497 2729
497 3135
497 3175
497 3461
498 1594
498 2167
500 571
500 1903
500 3274
500 3363
501 1747
501 1812
502 3455
503 2851
504 2219
505 2220
505 3276
506 720
506 1069
507 912
507 962
507 2393
507 2598
507 2852
508 921
508 1343
509 1143
509 2332
509 3228
510 2216
510 3216
511 1291
511 2693
511 3141
512 2883
512 3212
513 3221
514 1557
514 2519
514 3235
515 849
515 3018
517 554
518 1141
519 2408
520 1022
520 1354
520 1607
520 3155
522 907
522 2787
522 2793
523 902
525 2917
525 3264
527 972
527 1170
527 1254
527 2015
528 1051
531 606
531 860
532 2778
533 2299
534 2621
535 1177
536 957
536 2936
537 2701
538 3039
539 913
541 698
541 1213
541 2542
543 1782
543 2573
544 1242
544 1429
544 1575
545 2420
547 789
547 2478
548 1086
548 2327
549 2136
550 560
552 2722
553 2333
554 1759
554 1997
555 801
556 2719
557 1706
557 1994
559 1551
559 3015
560 3122
561 1163
563 2149
564 3223
565 1866
565 2621
565 2947
567 2971
568 2885
569 1167
569 2087
569 2922
570 2451
571 859
571 1336
571 1913
572 1135
572 2195
573 1704
574 3308
575 1856
576 990
576 2034
576 2258
576 2791
576 3082
577 2173
578 3067
579 847
579 1684
580 1153
580 1794
580 3023
581 1123
581 1201
581 2785
581 3093
582 1226
582 2004
582 2558
583 3354
584 2966
585 2427
586 1315
588 1135
588 2822
589 1414
589 2315
589 3291
590 2198
591 3138
592 2948
592 3220
594 1084
594 1284
595 1766
595 2219
595 2794
596 3238
596 3321
597 2729
598 1650
602 1715
602 2582
602 3124
604 1168
605 1337
605 1826
605 2106
606 1892
606 2563
606 3029
607 1429
608 2386
610 816
610 1263
614 2349
615 2988
616 1435
616 2466
616 2571
617 2940
618 3214
619 1281
619 3376
620 1180
620 2269
624 704
625 860
625 1242
626 959
626 1171
627 1425
627 2927
628 3070
628 3113
629 1382
629 1876
630 878
630 1211
630 2001
630 2304
630 2679
631 1494
631 1826
631 2410
633 916
633 2983
636 3129
637 2163
637 3150
638 927
638 975
638 1773
638 2240
639 842
639 3028
639 3142
640 695
640 787
640 2331
641 2026
642 802
644 1333
645 900
646 3020
646 3021
648 2848
649 2373
650 890
651 2503
653 1724
654 890
654 1214
654 1824
654 2292
655 1226
655 1712
656 3291
657 1388
658 1208
659 840
659 1519
659 3457
660 2557
660 2907
661 2090
661 3147
662 2764
662 3438
663 892
663 2498
664 1523
667 2196
667 3104
668 1336
668 1947
669 2876
669 3023
671 1991
671 2313
672 1062
672 3006
675 745
677 1561
678 1060
679 2322
680 1255
680 2804
681 1475
681 1655
682 708
682 781
682 2922
683 1486
686 3332
687 1609
687 3442
689 2173
690 1618
690 1679
690 3348
691 903
692 3088
693 1084
695 719
695 3129
696 1310
696 1357
697 2963
698 2285
698 3282
699 908
701 2031
701 2663
701 2817
703 2778
705 758
707 1957
709 1822
711 2058
711 2102
713 2637
713 3279
714 1745
715 2599
715 2791
716 2240
717 1894
717 2786
718 782
718 978
718 2485
719 1682
720 2975
721 2854
722 3459
723 978
723 1762
723 3195
724 1454
724 2533
726 3182
729 1867
731 1017
731 2142
732 1393
734 2467
735 2187
736 1730
737 2483
738 3157
739 1764
739 2576
740 1674
742 1618
742 2803
742 3131
745 2943
745 3232
746 2090
747 3374
748 1068
748 1071
748 1202
748 1569
749 853
749 1427
750 2335
750 3285
751 1625
751 3122
752 3397
753 2734
754 1506
755 1615
755 1925
757 1663
757 1882
758 2306
759 1132
760 789
760 1024
760 1575
760 1771
760 3271
761 2544
763 2633
763 3440
764 819
764 1915
764 2776
766 1021
766 1369
766 2810
767 1424
767 2302
768 3183
770 1751
773 1363
773 1402
775 1372
775 3333
775 3437
776 2064
777 1515
779 1519
779 2437
779 2789
779 3222
780 1702
781 1170
782 1137
782 1353
782 2901
783 2110
783 2710
784 1806
785 1058
785 2860
786 983
786 1080
787 1721
789 929
789 1929
790 2222
792 1392
792 1784
793 1246
793 3285
794 2070
794 2416
795 1782
795 2146
795 2595
799 937
801 959
803 1842
803 1897
803 2073
803 3015
804 1480
804 2593
804 3146
805 1776
805 2808
806 3358
809 941
809 3266
812 1275
812 2405
812 2455
813 1554
813 2754
813 2952
814 1388
816 1901
817 904
817 1290
817 1345
818 1044
818 3012
818 3219
819 1014
820 1346
820 2643
820 3076
820 3249
821 1607
822 1093
826 3343
828 2038
831 1209
832 3020
833 3180
834 2049
835 1555
836 1138
836 3256
841 2087
841 3449
843 2740
844 1004
844 2637
844 3195
845 2245
846 1223
847 2668
847 2680
847 2849
848 2127
848 2451
848 2501
849 2069
849 2578
849 3313
851 2457
851 2735
852 974
852 1177
852 3383
853 1121
853 1902
853 2856
854 1911
855 2340
855 3445
857 3118
858 870
860 1079
860 2038
860 2915
862 3043
863 1261
863 1848
863 3221
864 2346
866 2317
866 3287
866 3303
867 1442
867 1954
867 2499
870 2894
872 2789
873 1763
873 2396
873 2649
874 2847
876 1704
876 2291
876 2705
877 1301
877 1501
877 1643
877 3278
877 3391
878 2278
878 2670
878 3246
879 3221
880 2357
880 3298
881 1844
881 2611
881 2864
883 1342
883 3467
884 1745
884 2138
884 2794
887 2809
888 2082
889 1723
889 2492
890 1376
890 2163
890 2611
894 1016
894 1900
895 2400
895 3025
896 1132
896 1340
896 2125
897 2985
899 2245
899 2950
901 1628
902 2600
902 2681
903 1586
903 1856
904 2947
906 1388
910 1057
910 1082
912 1206
912 1413
912 1536
913 2423
913 3173
914 2505
916 2631
917 1670
917 1883
917 2206
917 2867
918 1295
918 1850
919 1105
919 2157
920 2303
923 2919
924 1883
924 2014
925 1110
925 2748
926 1716
926 2075
927 1442
928 1335
930 2726
930 3434
931 1751
932 2617
933 3119
934 1337
934 3071
936 1997
937 2625
938 2761
938 3248
939 1573
939 2655
939 2719
939 3348
940 2491
940 3423
941 1559
941 2769
943 1910
943 2441
944 2180
945 3090
948 1646
948 1856
950 1314
950 1890
951 1504
951 2556
952 2182
953 1675
953 2268
953 2529
953 3233
954 1563
955 1522
955 1648
955 2993
956 1229
956 1309
958 3113
960 1232
962 1406
962 1672
962 3115
963 1978
963 3349
964 998
964 1420
964 2309
965 1661
966 1978
967 1650
967 2438
968 3288
969 1771
969 2299
969 3435
970 3013
972 1494
972 1744
973 1544
975 1464
977 1055
977 1226
977 3022
978 1377
978 1790
979 1326
979 1545
979 2026
980 1450
981 1157
982 1605
982 1984
983 1130
986 1292
986 1769
987 1692
988 1875
989 1924
990 1788
991 2996
992 1981
994 1460
994 2405
994 2983
996 3317
997 2268
997 2961
998 2528
998 2693
998 2929
999 2256
1000 1337
1000 2652
1003 1549
1004 2081
1005 3178
1005 3253
1006 2540
1006 2954
1007 2161
1008 1528
1008 3285
1009 1277
1009 1465
1009 3262
1011 2752
1013 1301
1013 1512
1013 1671
1014 1094
1015 2732
1015 3069
1016 2893
1017 1572
1017 1910
1017 2248
1018 2220
1021 1904
1022 3237
1023 2738
1024 1836
1024 2580
1025 1507
1025 1666
1025 2702
1026 2945
1029 3113
1030 2805
1032 1613
1032 2823
1032 3352
1033 1590
1034 2494
1034 2537
1035 1213
1037 1304
1037 1931
1037 3260
1038 2270
1039 1139
1040 1349
1040 2549
1041 2524
1042 1837
1044 1460
1045 3011
1045 3374
1046 1497
1047 2116
1050 2566
1053 1927
1054 2941
1054 3055
1055 1953
1055 2307
1055 3427
1057 2956
1058 1601
1058 2009
1058 2567
1059 2183
1059 3230
1059 3332
1061 1888
1063 3163
1064 2249
1066 3255
1067 1178
1067 1403
1068 1853
1069 1724
1069 1857
1069 2772
1070 1722
1071 1299
1072 1299
1073 1132
1073 3001
1074 3063
1075 1886
1077 2828
1077 3206
1079 1602
1080 2594
1081 1281
1081 1935
1082 1211
1082 3246
1083 2592
1085 2465
1085 2471
1085 3169
1087 1815
1087 1894
1087 2148
1087 3154
1087 3267
1088 1359
1090 2931
1091 1171
1092 1745
1092 2742
1093 2630
1094 3014
1096 3251
1101 3003
1101 3167
1106 2590
1106 2971
1106 3221
1107 1441
1107 1931
1109 1248
1109 1524
1109 1574
1111 3202
1112 3241
1113 1157
1115 2854
1116 1611
1116 1671
1117 1194
1117 2027
1117 2559
1118 2378
1118 2905
1119 1340
1119 1857
1119 1867
1119 2412
1120 1507
1120 1511
1122 2036
1123 2021
1124 1238
1124 2052
1126 3158
1127 1152
1127 1450
1127 2649
1128 1826
1128 3032
1129 1722
1129 2819
1129 3012
1130 3269
1133 1409
1133 1707
1134 1971
1135 1242
1135 1530
1135 3332
1137 1503
1137 3419
1139 1672
1139 3459
1142 1716
1143 1219
1143 2146
1144 1246
1144 2433
1145 2219
1146 2987
1148 2467
1148 2749
1149 1654
1150 2443
1150 3042
1152 2171
1153 1599
1153 2539
1154 1818
1154 3334
1156 1533
1156 2121
1156 3352
1157 1584
1158 2654
1160 2153
1160 2154
1160 2376
1160 2450
1161 2593
1161 2812
1165 2664
1166 2145
1170 3109
1171 2751
1171 2872
1172 1897
1172 2836
1173 1892
1174 1197
1174 1676
1175 1555
1175 2553
1176 1396
1176 1797
1176 3198
1177 3408
1178 3017
1178 3137
1179 2091
1179 2406
1179 2813
1182 1476
1183 1817
1183 3188
1185 1736
1186 2228
1188 2803
1189 2091
1189 3088
1190 3019
1191 2205
1192 1589
1192 2572
1195 2755
1196 1874
1198 1791
1198 2079
1198 2085
1199 1732
1200 3038
1200 3246
1203 2442
1203 2709
1205 1910
1206 1561
1206 1765
1206 3117
1206 3213
1207 3108
1210 1863
1210 2843
1210 3312
1211 1857
1212 2966
1213 1851
1214 1825
1217 2635
1218 1242
1218 1892
1219 1695
1220 1722
1220 2828
1221 3212
1222 1879
1222 1883
1223 1314
1223 1907
1224 1484
1224 3338
1225 1872
1225 3118
1232 2531
1232 2764
1233 2088
1235 1245
1235 2206
1235 2953
1236 3125
1237 1547
1239 1727
1239 1769
1239 2796
1240 2833
1241 1966
1245 2616
1251 1431
1251 1453
1252 2035
1252 2541
1253 1459
1253 2944
1253 3081
1254 3346
1255 1415
1255 1474
1255 1785
1256 1794
1256 2286
1256 3055
1258 1365
1259 2746
1260 1700
1261 3273
1262 1810
1262 2168
1265 1535
1268 2151
1270 1978
1271 1441
1271 1962
1272 1933
1272 2435
1272 2650
1273 2608
1275 2089
1275 2701
1279 1907
1279 2530
1280 2771
1280 3167
1281 1544
1284 2419
1284 3255
1286 2366
1287 3114
1290 1829
1290 2746
1291 1732
1292 2655
1292 2751
1292 2831
1293 3356
1293 3387
1296 2003
1296 2576
1298 2524
1298 3169
1302 1379
1304 2725
1305 2507
1306 2186
1306 2664
1308 1326
1308 1773
1308 1879
1308 2499
1308 3414
1309 1997
1311 2499
1311 2526
1311 2876
1313 1431
1313 2092
1313 2949
1314 2754
1315 2763
1316 2820
1317 2732
1318 1414
1318 2304
1318 2800
1319 1819
1320 3083
1321 3087
1321 3232
1322 3106
1322 3134
1323 1657
1323 2183
1324 1730
1327 1813
1327 2153
1328 3087
1332 3346
1333 1597
1336 1897
1336 2123
1336 3389
1337 1411
1337 1804
1338 2112
1340 2396
1341 2770
1341 3187
1343 1575
1343 3130
1344 2914
1345 1508
1346 2057
1347 2378
1348 2747
1350 3279
1351 2548
1352 3070
1353 1753
1353 2629
1356 1711
1358 1750
1359 1523
1360 1978
1361 1796
1364 1925
1364 2398
1364 2757
1366 2242
1366 2737
1368 1539
1368 2470
1369 1514
1369 2657
1370 2168
1372 3437
1373 2453
1375 2045
1375 2182
1375 3454
1378 1400
1381 2570
1382 1755
1383 1550
1385 1809
1385 2319
1386 2538
1386 2923
1386 2999
1389 1464
1389 2731
1391 1520
1392 3265
1393 2013
1393 2107
1394 2395
1394 2974
1394 3028
1395 2111
1398 1702
1399 1550
1402 2092
1402 3360
1403 2280
1403 2407
1404 1507
1404 2875
1406 2215
1406 3365
1407 1840
1407 2397
1407 2944
1408 1833
1410 1778
1411 2260
1412 1764
1412 2452
1414 1877
1414 3201
1417 1441
1417 1827
1418 2773
1418 3218
1421 1608
1421 2652
1422 1439
1425 1969
1427 1511
1429 2374
1430 2825
1431 1610
1431 1992
1431 2846
1432 2515
1433 3437
1436 2480
1436 2735
1438 1509
1439 2251
1440 2458
1441 1461
1441 3252
1442 1506
1444 1999
1444 2430
1445 1626
1445 1649
1445 3302
1446 1507
1446 1622
1446 2367
1446 2970
1447 1993
1448 2254
1449 2970
1450 1660
1450 2239
1451 2374
1453 1756
1454 2115
1457 2569
1459 1603
1459 1932
1459 1955
1460 2425
1462 1546
1462 2580
1463 1646
1463 1755
1463 1936
1463 1998
1463 2567
1466 2421
1467 2412
1469 2380
1470 2255
1473 3155
1475 1799
1475 2425
1476 2049
1476 2201
1477 3196
1477 3350
1478 1595
1478 2241
1478 2435
1480 3282
1484 1629
1487 3198
1487 3392
1488 1702
1488 2294
1488 2795
1489 2435
1489 3002
1491 2719
1493 1762
1493 3061
1494 1656
1494 3334
1497 1629
1497 1804
1498 1937
1498 2603
1501 2125
1502 2391
1502 2976
1503 3225
1506 2615
1506 3432
1506 3460
1509 1915
1509 2225
1510 2968
1511 3255
1514 2110
1515 3313
1516 2795
1517 1885
1520 1724
1521 2524
1522 2597
1522 2784
1522 3196
1523 1666
1526 2437
1527 3282
1528 1790
1528 2429
1528 3069
1529 1681
1529 3217
1530 1614
1530 3100
1531 2824
1532 2641
1533 1735
1533 2205
1533 2806
1533 3433
1535 2118
1536 2871
1537 2055
1537 2225
1537 2775
1539 2250
1539 3251
1542 1965
1542 2099
1542 2547
1543 2115
1543 2364
1543 3129
1544 2201
1544 2291
1546 2444
1546 3155
1546 3301
1548 2314
1549 1621
1550 1589
1551 2684
1552 2580
1553 1672
1553 3245
1556 1688
1556 3176
1561 3372
1566 2173
1566 2365
1567 2167
1567 2494
1567 2783
1567 3071
1568 2705
1569 1698
1570 1621
1570 1747
1571 3065
1572 2411
1572 2961
1573 3088
1576 3003
1577 2526
1580 2010
1580 3111
1580 3333
1582 1629
1584 1622
1586 3256
1587 2248
1587 2748
1587 3257
1594 2863
1594 2913
1595 2706
1595 2977
1598 3259
1600 1657
1600 3087
1601 2470
1602 3260
1604 3407
1605 2800
1608 3344
1609 1913
1609 3335
1610 2815
1610 2946
1611 1699
1612 2895
1613 2091
1613 2360
1613 2415
1616 2704
1618 2646
1619 2206
1619 2841
1619 3338
1620 1945
1621 1768
1622 2930
1624 3387
1626 2515
1627 2077
1628 3349
1629 1978
1630 3247
1632 1794
1633 3465
1634 1648
1635 1989
1635 3439
1635 3452
1636 1838
1636 3217
1638 2110
1638 2156
1639 2824
1639 3078
1640 1644
1644 2122
1645 2785
1648 1854
1648 3042
1649 2679
1649 2938
1650 2833
1652 2621
1653 1792
1653 2163
1654 3195
1654 3231
1654 3311
1656 1765
1657 2117
1657 2494
1658 2863
1662 2780
1663 2479
1663 3153
1664 2808
1669 2575
1670 2828
1671 1672
1672 3159
1673 2540
1673 2931
1675 2881
1675 3118
1676 2837
1680 2352
1680 3466
1681 1914
1681 2492
1682 1928
1683 2276
1683 2960
1683 3007
1684 1735
1685 2481
1686 1783
1688 2019
1688 2704
1691 2361
1691 2636
1692 2409
1694 2523
1695 2191
1695 2837
1695 3329
1696 2167
1696 3121
1697 2204
1699 2163
1702 2004
1703 2384
1704 2584
1706 3216
1708 1866
1708 3279
1709 3026
1711 1803
1712 2145
1715 2346
1716 2241
1716 2442
1719 2767
1719 3172
1720 2557
1723 1857
1725 3291
1726 2547
1727 2811
1727 2898
1728 1756
1729 2320
1731 3071
1731 3100
1732 3181
1733 2961
1734 1911
1737 2539
1738 1777
1740 3415
1741 1950
1744 2978
1745 2366
1747 3213
1749 2317
1750 2847
1753 1828
1754 1959
1755 2571
1757 2285
1757 3092
1759 2681
1759 3181
1759 3386
1761 1766
1761 1926
1765 2421
1769 3363
1771 2224
1772 1780
1772 2755
1773 1842
1777 2441
1778 2943
1780 3210
1782 3284
1783 2276
1783 2308
1783 2942
1784 2529
1785 2551
1786 2799
1787 2126
1788 2899
1789 2066
1791 1956
1795 2560
1795 3411
1796 2620
1797 2284
1797 2466
1798 3165
1799 3134
1800 2615
1801 3205
1803 2665
1804 3130
1805 2274
1806 1998
1807 2219
1807 3069
1809 1882
1809 2448
1811 2740
1812 2705
1814 1946
1814 3134
1816 1851
1816 2932
1817 2077
1817 2122
1817 2359
1819 2896
1821 2076
1821 2257
1822 2326
1822 3370
1823 2895
1823 3116
1826 1887
1828 2694
1828 2755
1828 3402
1830 2635
1830 3077
1831 3256
1833 3133
1835 2030
1836 2795
1837 2189
1838 2734
1838 2881
1839 3268
1840 2647
1840 3186
1841 2580
1841 2804
1846 2809
1847 1992
1848 2091
1851 2602
1853 2511
1855 2711
1856 2109
1856 3171
1858 1878
1861 2175
1861 2941
1861 3411
1862 2622
1862 3169
1862 3230
1863 2724
1865 3077
1869 1922
1870 2905
1873 2947
1873 3102
1874 2082
1875 2358
1877 2505
1877 3401
1878 3026
1879 2077
1880 2822
1881 3225
1883 3141
1884 2248
1888 2828
1889 2459
1890 2866
1892 3059
1892 3424
1893 2554
1893 2938
1895 3096
1897 2791
1898 1910
1900 3086
1901 3053
1902 2077
1902 2419
1903 2944
1903 3104
1904 2915
1904 2956
1906 2110
1907 2269
1907 2307
1907 3390
1909 3078
1909 3086
1909 3358
1913 3225
1914 2003
1917 2024
1917 3128
1918 3328
1919 2314
1921 2041
1921 3219
1922 2492
1922 2932
1923 2521
1924 2415
1925 2844
1927 1936
1927 3231
1929 2379
1929 2510
1930 2321
1930 2632
1934 2790
1934 3310
1935 2203
1936 2432
1938 3331
1938 3414
1939 2147
1939 2441
1939 3363
1940 3223
1940 3274
1941 2059
1942 3145
1942 3436
1944 2899
1946 2977
1950 3169
1951 2084
1951 2585
1951 2957
1952 2936
1953 2424
1955 2046
1955 2146
1958 2610
1960 2440
1960 2942
1963 2933
1966 2697
1966 3261
1967 2271
1967 2983
1969 2961
1972 2411
1975 2197
1976 2710
1976 3343
1977 3119
1977 3374
1980 2579
1981 2309
1981 3186
1981 3226
1982 2457
1985 2463
1986 2654
1994 2143
1997 3358
1999 3108
2000 2872
2002 2121
2003 2435
2004 2256
2005 2189
2007 2180
2007 2277
2010 2282
2011 2884
2012 3243
2015 2775
2017 2635
2018 3435
2019 3315
2020 2851
2020 3469
2021 3297
2022 2096
2023 2295
2028 2899
2028 2957
2029 2088
2030 2084
2030 2754
2030 3110
2031 2274
2031 3096
2032 2833
2032 3376
2033 2222
2033 2331
2034 2533
2035 2437
2036 2977
2037 2107
2044 2178
2046 2245
2047 2349
2050 2450
2052 3222
2056 3267
2058 2522
2058 2899
2062 2277
2062 2509
2067 2415
2067 2725
2068 2224
2069 3181
2070 2180
2070 2691
2072 2814
2073 2444
2075 2129
2075 3215
2077 2418
2077 3401
2078 2372
2078 3221
2078 3237
2079 2088
2079 2315
2079 2381
2079 3147
2080 2338
2080 3021
2081 2962
2082 3047
2083 3116
2085 3040
2090 2144
2090 2502
2090 3218
2096 3245
2100 3360
2102 2698
2102 3032
2102 3443
2103 2387
2103 3405
2104 3294
2104 3376
2108 2140
2108 2753
2108 2879
2109 2933
2110 2151
2112 2189
2115 2209
2115 2650
2115 2992
2118 3309
2118 3446
2120 2169
2123 2551
2123 2776
2128 3093
2129 2676
2130 2933
2131 2149
2131 2330
2131 2606
2131 3161
2133 2244
2134 2514
2137 2243
2139 3005
2140 2309
2141 3402
2143 2565
2143 3139
2145 2523
2146 2308
2147 2557
2147 2900
2149 2284
2149 2575
2149 3449
2152 2359
2152 2532
2154 2796
2157 2194
2157 3384
2158 2817
2160 2963
2160 3048
2162 2359
2169 3439
2175 2606
2175 2657
2175 3304
2176 3092
2177 2633
2180 2219
2182 3112
2184 2377
2185 3262
2186 2667
2186 2735
2187 2894
2191 2307
2192 2229
2194 3167
2195 2788
2196 3350
2198 2551
2199 2328
2200 2803
2204 3202
2205 3020
2207 3079
2208 3403
2209 2415
2216 2478
2218 2882
2219 2427
2219 2985
2219 3086
2220 3360
2226 2283
2226 3118
2226 3196
2227 3115
2229 2502
2233 2594
2238 2910
2239 3269
2239 3363
2241 2555
2242 2495
2246 2313
2246 3294
2248 2424
2249 2653
2251 2649
2251 2823
2251 3309
2252 3270
2260 3192
2262 3350
2263 2482
2264 3084
2265 2507
2267 2528
2272 3389
2273 2642
2274 3290
2275 3220
2280 3388
2281 2662
2282 2888
2284 3148
2286 2311
2286 3166
2288 3159
2288 3360
2289 3389
2292 2520
2292 3054
2292 3332
2295 3126
2295 3316
2298 2671
2298 2872
2298 3068
2299 2855
2300 2605
2302 2641
2314 3386
2316 2649
2316 2668
2318 3085
2318 3241
2320 2720
2322 3124
2322 3172
2323 2642
2326 3069
2328 3037
2329 2454
2331 3309
2332 2394
2335 3088
2337 3073
2338 2910
2339 3351
2340 2699
2344 2754
2344 2940
2345 2370
2349 3018
2351 3135
2352 3048
2354 2635
2354 3134
2356 2740
2356 3383
2358 2755
2360 3371
2366 3125
2377 3360
2380 3144
2384 2720
2387 2681
2391 2907
2392 2465
2392 2906
2392 3375
2394 2518
2395 2776
2397 2963
2398 3156
2399 3212
2402 2517
2402 3051
2402 3337
2405 2774
2407 3424
2408 2684
2409 3199
2415 2564
2426 2632
2428 2896
2431 2767
2431 3161
2435 2535
2435 3248
2436 3305
2438 2452
2438 2675
2438 3445
2439 2547
2439 2995
2439 3451
2441 2481
2446 2900
2453 2469
2455 3228
2456 2482
2459 3101
2460 2939
2460 3175
2467 3337
2470 3158
2473 2617
2474 2940
2475 2870
2478 3251
2480 2963
2481 2828
2483 3002
2484 2535
2486 3036
2486 3299
2491 2814
2492 2785
2494 2738
2497 3318
2498 3455
2502 3066
2502 3460
2503 3341
2510 2670
2514 2699
2519 2536
2520 3207
2520 3241
2521 2960
2526 3333
2532 2536
2532 2966
2534 2774
2535 3293
2539 2788
2548 3262
2549 3111
2550 2586
2552 2574
2553 2858
2554 2840
2558 2737
2558 3430
2565 3192
2566 2882
2567 2627
2567 3373
2569 3013
2570 2906
2573 3404
2575 2776
2577 3027
2577 3197
2580 2761
2583 3234
2584 2903
2584 3301
2587 2722
2588 2840
2591 2616
2598 3091
2598 3389
2599 2776
2600 3163
2604 3434
2607 2897
2610 2622
2614 2913
2615 2697
2618 3107
2618 3329
2621 2856
2622 2912
2623 2748
2624 2627
2636 3346
2637 3186
2637 3283
2640 2719
2640 3355
2641 2709
2646 2983
2652 2861
2653 3280
2663 3387
2668 3411
2669 2844
2671 3244
2673 3221
2676 2827
2676 2924
2678 2912
2678 3020
2678 3252
2683 3216
2684 3086
2687 3010
2697 3227
2701 2938
2705 2931
2705 3053
2706 2714
2709 2900
2709 3155
2717 2822
2718 2996
2719 2784
2719 2942
2720 3402
2721 3240
2723 3177
2723 3258
2724 2931
2725 3170
2727 2853
2728 2820
2735 2951
2741 3225
2746 2889
2747 3025
2747 3442
2754 2955
2760 2801
2762 3142
2762 3378
2764 2861
2764 3159
2765 3403
2774 3138
2775 2948
2780 3196
2793 3367
2794 2882
2794 3183
2795 3307
2799 3266
2800 2933
2801 3123
2807 3215
2808 3158
2810 3392
2812 2829
2813 3282
2815 2829
2816 2926
2817 2846
2818 3111
2820 2995
2828 3184
2830 2886
2830 2934
2831 3136
2833 2890
2837 3038
2837 3460
2838 3235
2839 3079
2847 3398
2851 2887
2851 3147
2859 3106
2861 3366
2876 3041
2882 3356
2885 3059
2887 3016
2888 3199
2889 3397
2890 3095
2893 3310
2903 3126
2910 3188
2914 3055
2927 3087
2929 3144
2929 3227
2933 3446
2934 3180
2938 3447
2939 3258
2943 3066
2943 3467
2945 3098
2947 3113
2954 3021
2955 3055
2956 3370
2956 3377
2964 3264
2965 3144
2973 3096
2984 3058
2984 3291
2984 3335
2987 3191
2991 3391
2993 3227
2995 3133
2996 3166
3000 3008
3000 3127
3001 3114
3002 3104
3006 3428
3008 3308
3009 3056
3010 3107
3011 3087
3011 3123
3021 3366
3031 3423
3037 3092
3037 3265
3040 3090
3040 3367
3045 3394
3047 3423
3051 3365
3051 3395
3070 3265
3079 3392
3082 3381
3085 3249
3086 3249
3087 3185
3089 3444
3100 3321
3106 3273
3106 3343
3110 3368
3128 3335
3130 3158
3130 3183
3137 3153
3140 3383
3141 3402
3142 3250
3143 3430
3145 3262
3146 3351
3157 3366
3165 3306
3175 3361
3180 3276
3181 3309
3186 3388
3201 3370
3215 3326
3221 3274
3234 3317
3238 3301
3260 3352
3286 3391
3300 3437
3326 3450
3334 3470
3339 3470
3343 3356
3351 3448
3370 3416
3385 3448
3387 3402
3427 3467